055893575609 359242 1001 em1
055893575609 359242 1002 em1
055893575609 359242 1003 em1
055893575322 809607 1004 em1
055893575322 809607 1005 em1
055893575322 809607 1006 em1
055893576785 969247 1007 em1
055893576785 969247 1008 em1
055893576785 969247 1009 em1
055893579265 868649 1010 em1
055893579265 868649 1011 em1
055893579265 868649 1012 em1
055893580258 503709 1013 em1
055893580258 503709 1014 em1
055893580258 503709 1015 em1
055893580256 605742 1016 em1
055893580256 605742 1017 em1
055893580256 605742 1018 em1
055893578259 759084 1019 em1
055893578259 759084 1020 em1
055893578259 759084 1021 em1
